[gd_scene load_steps=10 format=3 uid="uid://cfu5yqefxgq4y"]

[ext_resource type="PackedScene" uid="uid://ckvhddih8pih4" path="res://scenes/house.tscn" id="1_nnsk1"]
[ext_resource type="PackedScene" uid="uid://xt6mcv6w5ri5" path="res://scenes/player.tscn" id="2_rwgxs"]
[ext_resource type="PackedScene" uid="uid://bacp7ifjnlyi6" path="res://scenes/airship.tscn" id="3_4wyf3"]

[sub_resource type="BoxShape3D" id="BoxShape3D_e5uuo"]
size = Vector3(2048, 256, 2048)

[sub_resource type="PlaneMesh" id="PlaneMesh_nnsk1"]
size = Vector2(2048, 2048)

[sub_resource type="StandardMaterial3D" id="StandardMaterial3D_rwgxs"]
albedo_color = Color(0.522875, 0.75, 0.1575, 1)

[sub_resource type="ProceduralSkyMaterial" id="ProceduralSkyMaterial_rwgxs"]

[sub_resource type="Sky" id="Sky_4wyf3"]
sky_material = SubResource("ProceduralSkyMaterial_rwgxs")

[sub_resource type="Environment" id="Environment_k0juu"]
background_mode = 2
sky = SubResource("Sky_4wyf3")
ambient_light_source = 2
ambient_light_color = Color(1, 1, 1, 1)
ambient_light_energy = 0.04

[node name="World" type="Node3D"]

[node name="Ground" type="StaticBody3D" parent="."]

[node name="CollisionShape3D" type="CollisionShape3D" parent="Ground"]
transform = Transform3D(1, 0, 0, 0, 1, 0, 0, 0, 1, 0, -128, 0)
shape = SubResource("BoxShape3D_e5uuo")

[node name="MeshInstance3D" type="MeshInstance3D" parent="Ground"]
mesh = SubResource("PlaneMesh_nnsk1")
surface_material_override/0 = SubResource("StandardMaterial3D_rwgxs")

[node name="Village" type="Node3D" parent="."]

[node name="House3" parent="Village" instance=ExtResource("1_nnsk1")]
transform = Transform3D(-0.965926, 0, -0.258819, 0, 1, 0, 0.258819, 0, -0.965926, 28, 0, 65)

[node name="House" parent="Village" instance=ExtResource("1_nnsk1")]
transform = Transform3D(1, 0, 0, 0, 1, 0, 0, 0, 1, -30, 0, 0)

[node name="House5" parent="Village" instance=ExtResource("1_nnsk1")]
transform = Transform3D(1, 0, 0, 0, 1, 0, 0, 0, 1, -14, 0, -156)

[node name="House6" parent="Village" instance=ExtResource("1_nnsk1")]
transform = Transform3D(1, 0, 0, 0, 1, 0, 0, 0, 1, 11, 0, -158)

[node name="House7" parent="Village" instance=ExtResource("1_nnsk1")]
transform = Transform3D(2.98023e-08, 0, -1, 0, 1, 0, 1, 0, 2.98023e-08, -3, 0, -181)

[node name="House2" parent="Village" instance=ExtResource("1_nnsk1")]
transform = Transform3D(0.5, 0, -0.866025, 0, 1, 0, 0.866025, 0, 0.5, -12, 0, -23)

[node name="House4" parent="Village" instance=ExtResource("1_nnsk1")]
transform = Transform3D(1, 0, 0, 0, 1, 0, 0, 0, 1, 16, 0, 0)

[node name="House8" parent="Village" instance=ExtResource("1_nnsk1")]
transform = Transform3D(1, 0, 0, 0, 1, 0, 0, 0, 1, 204, 0, 0)

[node name="House9" parent="Village" instance=ExtResource("1_nnsk1")]
transform = Transform3D(1, 0, 0, 0, 1, 0, 0, 0, 1, 169, 0, 0)

[node name="House10" parent="Village" instance=ExtResource("1_nnsk1")]
transform = Transform3D(-0.258819, 0, 0.965926, 0, 1, 0, -0.965926, 0, -0.258819, 190, 0, 27)

[node name="House11" parent="Village" instance=ExtResource("1_nnsk1")]
transform = Transform3D(-0.258819, 0, 0.965926, 0, 1, 0, -0.965926, 0, -0.258819, 190, 0, -18)

[node name="WorldEnvironment" type="WorldEnvironment" parent="."]
environment = SubResource("Environment_k0juu")

[node name="DirectionalLight3D" type="DirectionalLight3D" parent="WorldEnvironment"]
transform = Transform3D(0.707107, 0.5, -0.5, 0, 0.707107, 0.707107, 0.707107, -0.5, 0.5, 0, 30, 0)
shadow_enabled = true

[node name="Player" parent="." instance=ExtResource("2_rwgxs")]
transform = Transform3D(-4.37114e-08, 0, 1, 0, 1, 0, -1, 0, -4.37114e-08, 12, 26, 0)

[node name="Airship" parent="." instance=ExtResource("3_4wyf3")]
transform = Transform3D(1, 0, 0, 0, 1, 0, 0, 0, 1, 0, 24, 0)
